010011000010011
100101100100001
010010100101111
011010101110010
111101011110101
011001100101101
101111000010000
000101011001110
001111100001100
000011100010111
000100000010001
101001110011011
110010101001111
000110110001110
100000100000000
110001110000001
110100100000011
100010011001001
100110111110011
010101111100111
000001010001000
110111111010010
101001111011110
001100000010000
011011111111110
111101000011110
100100011110011
000001000000001
010000011101100
001001100010001
010011111001111
000011011011100
110111011111000
110110011011000
000100010001000
100111001101000
000100010010011
001110000111100
101011101001110
011001100001000
010100101111010
001111100111101
011000010110111
000001000111100
001010100011110
010100101011010
101011111101110
001001101001100
110000011101011
001010111011101
011100100001110
101010011110111
000001010000010
011111111010010
100111010101111
001111010100010
010000111001110
111101110100111
001100101101001
010100010001100
101111100111001
101101001010010
010011000100010
101101110000001
011100111000111
000100001011110
011100001110111
100100010010100
001001100101011
001110111001110
000010101100111
001100100110011
110011011111111
000010000110011
001111000011100
111110001101110
010000101000001
101111110101111
101110100101011
111110111010011
101110001100010
010001001001100
001111011000111
001110101001000
111011100110101
011111001111010
000111011010110
111111010111110
001110101111000
000100000000101
110110011111001
000011111110000
011011101001110
011000101000100
011110000100001
110011001110011
001011010010011
100100110001000
101101011001100
000100101001001
000001000101010
111100001110000
111011111111011
001001110010110
001001111111101
000100000000100
010110010111001
010010011111111
100001110000111
010011101010111
110111000011101
111001000111100
100011111101100
110011100100011
010110101001011
011000000100000
010110010001000
010100010000000
010010010111000
000111001000000
011111011111111
000100000100000
100101011101110
111111011001000
110011101100111
010000001111010
001110010001010
001000000101000
111111101111101
111110011100001
011010111101110
010111101100000
100100101110001
110000101011001
101101100010110
010001000110001
101101100111101
001000000111101
101001100010010
011100011001001
101000011100001
010000001100000
011000010000110
101001011011111
100101010011000
110100101001011
000000011001111
011101010111110
000000100010001
111011101110111
110010011010101
101011111100111
111011001000111
101111101111110
001110011011101
110101100110010
100111011001111
100001101100011
100001000010111
110111011010110
111100110111010
010111101001010
100001100100100
100100110010110
100001001101001
010010110101101
100101101011001
001010000110100
011010100101101
010110010000110
111100111110110
000000111000111
101011101111111
010111100001000
111000010000101
100011100000100
001100100101110
110010010010000
001001101010111
101001001100101
011101000100010
101111000001110
110101101000010
001100101100100
000100111001010
110001001110010
001010010111101
000110010110010
001101100110011
100011000101011
110111111110101
011110111101000
101011101110100
000111101010001
011100001111000
110001000001101
000100100011100
010111100110111
101110000111000
101001101001000
011001011001000
001111110110010
001110011011111
001111110010101
010010010000110
010101111110111
100000000011100
001010110010111
101010111010011
000001101101110
100001001001011
011111111011111
011001011010110
011001010110010
110011001001100
101000100011000
111001111011000
000011110100100
001101110111110
011010110101001
101011110011011
100000000111111
011010011000010
110100111010101
011010110011001
001011100101011
011000100101010
110100100110010
000010000000010
010101100111000
001101011110111
111000011010000
111001011000100
100011011101111
011011100000011
111010111110101
010000001010000
111011010110110
000010100000100
111101010001000
100011100001101
010010101001100
010011101000100
001110001011100
010010110111111
111011100111000
010011111111010
001001001011100
011010000101000
010001111010100
011110100101001
010011100101000
100010101000011
110100010001001
010101100101110
111011111101011
001011100001110
111011101001111
001110100010001
000000100011110
011100000011011
101000100000000
110111010011111
011111010111101
010001010011010
100110011001001
011101110010111
010110011100001
111101111111101
000110011000010
111111011101110
010000110010110
001001000100101
001000111000001
010011111100101
011110011100100
111010100010001
000101100100010
111110111110111
101111001111101
110000110100001
011101001010111
111110011110100
111000000001101
011011001101100
110010011001100
000110100001110
101110111001011
110111111011101
110100010011100
110111111010111
111000011011000
001011001000011
011101111100011
001011100011001
101111100011011
110111001101011
011001001100110
111111010010110
001010100000010
110101000100011
011101110000111
100010011010110
011011011101101
000111101001000
101000111100010
100011100100010
011100100110101
100010000001000
010110111011000
101111110111010
100010101110001
011100010000011
001000010111100
011001000011001
001101001100001
011011000101101
011001000111111
011111100101010
000100111010001
110001001010100
000111011100111
001000011001100
101111111101111
011111000011000
010110101100110
110100001111011
010011010101110
000000001010001
010100100100010
110001101110111
011011001100110
101000100011110
000101111000010
111000100000110
001100010101110
111111100000000
001111010011111
100110010011000
011010010011001
001110110001000
100010111000011
010110101101010
010111011101110
001010001000110
111001101110100
100011110101000
101111010000111
100111010101110
010101110010011
100010010100100
111100000000111
110110010001111
100100011111101
011100101110111
101110100111001
111000010010010
100001110000110
100000000000011
011101010111010
011111111011110
100001111000011
111000101010000
110011110100111
100111100110011
001010100001110
000001011110110
011110100111110
110101111011100
111101010011110
011001011100101
010010010001001
010011001001100
110000111000101
011001100110010
111001110110011
000111000101110
100111001011000
011011000110110
001010100110001
111011000100000
100110100100010
101001111111011
100010001100010
000001000001000
101111011000000
010001110010001
000000101000100
111110011101100
000101101110110
100110010011001
110101101101110
111001011101110
011110110001110
001101110001000
101000010100001
001011010110011
111101011101111
101011001011100
110011100110111
101001001111111
000111110000110
010011010011000
110010000111001
111111110111110
111000101010001
101100110110001
011011101011000
001000100111010
110111011101111
100011000101000
000011101011110
010101000000100
001111100111011
110001010100001
011101110111000
000011001111000
010100111101111
011000100111001
100001111100001
101001100001001
101001010010101
110100101001010
111001110010001
010110100101001
100110010110101
110110001101100
101100111101101
111110000000011
011010001001110
000010100001010
111010101111110
000111100000001
100100100010010
000111000010111
001111000101010
111001101110101
111000001001000
001000111111011
111101111010100
011101110100101
001110000010010
100011100000011
100101110001100
111011000000101
000110010010111
101010010110101
110010001010001
000011100001101
111000000001111
010001010100000
110000111000011
100000010001000
010011001011010
100010101000111
001111011011011
000011000000100
000101000100011
101010111001001
010000101000011
011111101100100
000011001001001
111101101111001
011100001010110
000011100011100
111000111000000
110100100010100
111011111011111
011100001001001
001001100101101
100111001000111
010011111110111
011011111001110
101010011111100
110111010010101
101010000111000
101101101100111
100110111010011
001100110010011
000001111010010
000101000111001
000111100001110
100000110111000
001101100110110
011111110111010
100100000000011
011101011110011
000000000111001
101101001001100
110101001011010
001010100111111
101100000010111
010000101100100
001100111100000
110000000011111
000001000000110
011101100111110
101110000110111
110001001100100
110000100110100
111110101111101
100111001000011
111011111101110
000100111001011
111010001000100
100100010100110
001000010010100
010111011101001
010110000111011
000010100001101
001100001111100
111111011101010
100110001001010
110000100001100
101101011010100
010101110100111
100101101011010
001110111011100
011101101011000
000000000000001
101010111110011
101110100111111
001101111100111
000010010001110
000001110010011
111101001010010
001011101110111
110000100100101
000001110010000
010000111000011
111110111011101
100001110110101
110100111001101
100111010001000
011011100010000
001110011010001
011101001110011
100001110111011
001100010001001
100100011100000
000101010000111
111010011111001
111110100100111
011101001111111
011100010101000
111101100011100
101000111001000
110100001010000
000000101000001
001101001000101
010101001111110
110111011100101
100001011011101
011001100110110
011110101111101
001100110110011
001010110010011
111101110101011
011111101001011
011111111010111
110011101010111
001010000010000
111111111001101
010101100100110
010001000100000
001000101010000
101111010100111
011111111110011
011100000011100
001110000110100
001111111000000
111101101101100
000110000111110
111011111000110
100000101000010
100101000010011
111000011100010
011001111100111
111100000111010
000101000100000
010111110111111
010001111000000
101101011011011
110011111001110
011111011111101
111010111110111
001101010111001
101100100010000
101110000001101
111000110111011
001000001000000
010010011000100
011010110000111
001100100100100
001010010101101
000101000011010
011100100011110
101110100111010
001000100010000
000100001100110
111010111011111
001000011001001
011110000000110
111000011100001
011100111001000
010001000111101
111001110101011
111101110011010
000011111000011
100010001001110
101100011100111
110000000100011
011111101110111
001110110011111
000100000011000
000010001000100
101000000100010
100111001111001
011000101111100
101101011011000
100010101000000
010101001100010
110101011101001
001110011110110
110110101101101
001000100000010
110000110110001
110010111011101
010001000000001
001110001110111
101011110111001
101110010011010
000100010000001
110011011101001
001010010010001
111010101111100
101011010010100
100010011100110
110101101100010
010000000010100
100100001110011
111001000011100
111111010111011
101010000001000
001100010100010
111100011011101
110101101010010
110111000100000
001001110011010
111111110100100
110010001111110
100011110000000
101110000111011
011100101100010
101100001110110
111001111101101
101011011000101
100011011001101
011110111001101
010001000100111
010001010001110
001001110100010
110011001100110
110001100100101
111101110111011
110010101101111
000001100000010
110000101101110
100110110011001
001101100011100
011011000111000
001010000101000
110000100001011
100011100111101
101111001101110
101110010101100
110100111110011
110110110011110
110000111011101
000100110100110
010111000110001
110000010010001
100001000011001
111001010100111
110011110110001
010111000110010
010111101110011
010011100110111
001010011010010
010101110001100
111001110010000
000101010000001
011101011110000
100110111010111
110010101100101
110111011111101
100000011110100
001010110011100
001011010110101
000111111100000
111111001101111
100111111001010
001110010001111
100001101000010
110101011111001
110010011000100
000000011100100
011010000111000
000111010111100
011110011111011
111011100101110
110011001101100
110110001110000
000111000000111
000001001000111
111000111011100
011000100010010
100101001011110
100110101011100
100100001100101
101100101110010
100111100000001
110010110001001
001001011100001
110111111110111
110000110000111
011011111101001
111001000000000
110110111011010
111011111111010
111111000000001
111010010011111
010010100101011
000010111101100
111001101000100
110000111110000
100111001010000
000110111011111
001011000100111
000010101000000
100010001001001
100010110101101
010011110111101
001000100101001
010100001010000
100100101110000
100111101001111
001111000000011
100001000010011
111000000010001
001010000011100
110011001100100
111011101110010
001110101011101
001110010110001
001111001110010
110100100111111
000101111011000
001000000001010
110100101101111
110101001111011
011100010111000
011110111101010
111101100000010
001000000100010
001011001000100
011100100000000
111110111010101
100001010000110
000100110010011
010101110111010
001100100110001
110001000100100
101111011010111
111001111011001
011111001110110
000110100001010
001000101001101
110001010001000
100111001101110
010000001000100
110001011010110
111110010101001
100010010101001
001000001110110
011000100110010
111011100001110
000110001010001
001000110001010
011110101000100
101100011011001
100101001010110
000110010010010
110011011101011
111011000111001
111010111100000
110011001011010
101111111101011
011101110011100
011100110101111
111111001010100
110011110110110
011100001101100
011100011100000
000111001110010
001111001100111
010100011100100
101011001001100
100010001111010
000011001100001
111001000101000
000000011111110
110111011100001
110011011001100
010110111111010
011110110000001
000000110110111
001100110000100
010010111000110
111110110010001
000001000100010
001101000100111
101010011000100
100110001001100
001100110011011
111100111011001
101111110100101
000100011110101
100000011011011
110101111010111
110110101100001
001100101011001
101000011010000
011110100100000
010010111000010
111101001000000
101011000011101
100001100110000
000110000001000
110011100111100
100000000101000
000010011010011
000000010000010
011000101011100
111010010110111
101001000000111
110011100000101
100011101110011
100001011001000
101100100011111
110000000010001
010010001001010
001100010011001
000011100100000
111001101111100
100001110001010
010100110100100
000000100000100
000110011110000
000010011100101
110000001000000
110110001011010
100010001000000
101011000101000
000111000111000
100000011000000
100001100001111
111110011100110
100000010000001
111001010110010
001100101010000
000010000001010
011110000011101
010111101011111
101111111111001
001110000001110
010100001001110
011100111100110
100010010011000
011110011000100
011000110110011
101101110110101
001101110101111
101101101110110
010001000000100
111011011011001
111110101111010
101000001010000
011111101110101
110111010101111
100101101111110
001001001100010
011101101011011
010000001000101
011000111001111
011001101100011
001010001000000
000000110011110
000010110010001
110110111100111
110001010111000
110001110000110
001000101000111
010000110100001
111001101011110
001001100110011
111011011110011
010000000000110
100110100110000
001011010110110
011101010111111
000011110111101
110101111001101
100111111110100
111010010000001
101110110101101
110111100111110
001101000011100
010010001010011
101100010110101
010000111000101
101101111110100
011000111000011
100010011101000
111011010110000
111001111001100
010011100110100
001011110100101
110001101100110
010011010010001
100110000100110
011101110111111
010110110001011
111100111101001
111111101011101
011001001100101
000111101111010
110011010111101
111010111100110
111110101110111
110011011000110
111001111010011
101110111011111
001110101011111
000111111011001
001110001010100
101110001000001
010010100100100
100110100010011
010100011110001
111001110011011
100000011100011
010100000101000
110100001110000
101100110011001
000010000101111
010100001110001
010000100111001
011100100010100
111100000001000
000011011100010
001001000111000
100110110001101
110011010001001
110010011001010
100010000000010
111111100110111
000011100001111
010000000001110
101110010111011
101111011100110
101100011100001
001000100100110
101011100100110
110010000110010
000100000010100
110000001011110
100101011001001
000111001111011
110000001101101
111110011101010
100110101111011
010001001110100
010111000011100
110001010100011
000100101010011
000010110111011
000000010001111
100100111111110
111111101110100
010111111011101
110011110000000
110001100010101
011100110100010
100111001101111
100100110010101
010001111001110
100110000100001
000000001111111
000101000010100
110110011001100
100111000111011
100110011001100
101100111000010
110100111111101
111100001100001
010100110001001
000011100111001
100111110011110
111110000110000
101000100010011
011011101100001
101010001000111
110101011100100
010110011001011
011100111110110
101010001111000
101111010010100
000110101100000
000101011100011
000111011000100
001001001000011
000000111101001
000001000000101
111011110100001
001001100010011
111110110111100
110000000110011
101110000100100
001000000000111
101111110111011
001001110010100
010000000010000
010000111101111
101001010110100
011011000110010
001010111000110
111111110011011
000001110110001
111101011111010
100101010011111
000011000011111
000011001011001
011010010001010
110101100001110
101001110101011
101101110110000
101111010111110
100101101001001
010111001010110
011100101011001
100100110101011
000101000001010
010111110011101
001111101101111
011101001110101
100110011011001
011001011010010
011000100000111
011010110110001
011110000000100
101110001100100
100000100000010
011111001110101
000101000001000
011010110110111
111111101001001
110111110011100
101011111011111
100111111101110
101001111110010
111101111010000
100100001100100
101110111010010
110100101011101
001011011101100
110111101000011
110110011110110
101011110101111
001101101110000
110111011000010
110010000000001
000101010001111
000100100101110
011111101011111
010000101111000
001000111100111
111000000110110
001000000110000
101111101011110
100001001110010
010111001001101
111000000111000
010110010011001
101011010100101
110101111101011
110011100011101
001110001110000
001111011110101
010111000010010
100001011110000
011100101000010
101010111111011
110010110010000
100010100011100
111111011101001
000100000110111
101110111111011
010010000110010
011001100110011
111000010101100
111100101010011
101000011100010
111001100111001
101001001000100
000001110101111
110010001000010
000000111111100
001011011111101
101011111010111
100011110001010
010100001101000
111010011111110
011001111011011
011001100100110
010010101110111
111010101111111
100011001111110
110111101010011
001111011110100
000011110000111
000111011101110
100101100010011
000011100010101
010001111000101
100100001110111
110111001011101
111011101010111
110111010011100
110110001000001
010011001100110
001010001110010
110110110110011
001110110101100
001000010110010
011101110111001
100010100010001
101001010010111
010000010100001
010100111111001
110010001111001
000111000011011
110111110001101
110001110111001
010001001110011
011011110011111
001000111100000
011110011011101
000000100000011
000011010000101
011100001110001
010011001010110
010110110111011
101110011010111
111010011101010
101111101111111
101110111011100
111010000111101
000010001010100
101001011110100
010010011001011
101011100011000
000010111100001
111101111110101
111110011011111
100001101000011
010011100101100
101110111000011
010010101101001
001110000110110
001110010001101
101011111001110
000101101011011
011111000110111
010111011111111
001000000001000
101011011011101
100001100101100
110111110010100
011110011001110
000100011000101
100000111010111
011011101111100
010000010000001
001100111001111
011011011100000
111110111111010
001011110000100
110010100001001
100000001000111
010001100010100
001100110011001
100010100110100
001110000101011
001111111101001
111111111100110
010011000100110
011011101011110
100010000011011
000100111001101
001110011110011
101100001011011
010011100111110
111010010101110
001010000010100
001101100011011
111000110010010
110011011111001
111000011000011
110101111000001
001001010010010
111111110101110
000001100111100
010010001110000
010100101101011
010110101101100
011101100001011
000110001010111
110101110111111
000011010000111
011001110000101
111011101111110
000100000111011
010101000111100
101100010011100
001101000010100
101010101101101
010111100000111
000101110000111
010000110010010
100001110011100
110100110000100
100101001100110
001110010000111
000010100010000
101001111100111
100101011001011
011100110111110
100111110110111
001111111011101
110111001110001
001000001101110
100110010110100
011000101101011
000100011110000
111000110001010
101100100110100
111010101110100
100111101111010
000100001011001
011111001110011
011001001011100
111101011111011
111101111011100
111001110001110
111011101110000
111000000011001
011001001100010
011110101001111
110011000010000
001000000111011
000010001111000
001110010000000
001000011001011
111101001111100
100011110011100
010101101001010
011100000100100
000100010101000
000010100000101
111000001110101
100100100100001
110011110011001
011011101101011
111100001000010
101100111110011
000111100111001
111101111101111
111001101111111
110111111111100
111001001101010
101001011010110
111010010100101
111010011100110
110101011111101
000001111111000
100011001001011
011110000111000
000110111000100
111011000010110
001100001000011
000111000001001
100101111010010
001000100001011
011111110000000
111100010101000
001001011100011
101101011000011
010010000001111
000001110001110
010000110011000
001001100100110
000110110011011
010100010001111
000111000101010
100111110011101
110000001110001
100000001100111
011000000101111
101110011100011
010000011011100
010110001001110
010111010011101
000000001000001
001101111111111
100010000011101
001010110100101
001100010010101
001111010010000
110110111000000
000011101110111
110011111011011
101011001110000
100000111011000
101000100111001
001011100001001
100101110010101
010001000010110
000011011000111
011001101100110
101100110010110
011101111111101
101100100110010
100000000100000
101101010010110
111010100111101
101100100001100
100101011010010
111110111111110
110000111100001
111100111001101
111111010010011
100000010100000
101101111001111
010111110101111
111011001111100
110010111001010
111100000001100
110011100100001
111001010000100
011101111110111
100100100001100
110000111011010
001011110110000
100000010111101
010011000100101
111100110111111
111000101110000
010001110000010
010100000100000
110110000101101
001100101101011
100100010000101
110001110101110
110001110011110
110010110101100
000111100010101
111110100101101
101000010011100
000010010010111
100001111011110
111000011110000
100101001001000
001000011100111
100110111111111
111100001100010
011011001111011
000010000001100
100100000011110
100110010101100
100001110001011
100110011100111
101000010100000
100100110001001
111111011111011
011001111000000
011100111101100
011110110110110
101001010111011
000100100110001
100010000101100
101000001000000
101110101011111
000001101110001
111010111101011
011101100010000
011100011101110
000101001101001
111101100100011
000011101100010
111011101001010
001000111101010
000000100010101
100000010001010
101110101111001
001010000100111
110011100001010
110110001110011
001010101001001
001100001001101
000100010011101
011110100001111
011000011101101
000001010000101
000000010100010
101111100111010
111101001011011
110010110100100
011100011000101
011001110011110
001001000011001
100110011001101
011011011001111
001001010100110
100111101101101
101110110000101
001001001100100
011100001101000
011001001001000
101011001100101
110101111101111
100111000010101
100100110011001
000010000010000
000000111001000
000111000011110
001101110100111
011000011111000
010010111101001
010110100100110
001111000000010
110111000000110
111101001001111
000000110000001
100111101100011
101110111111110
010001001010010
010001111110110
000111000011010
000000001110010
110010001010100
100001010110011
111100110011100
000111001000101
011100110111010
011110001010100
110111010111100
111100111010101
110110000001011
000011101101011
010100000010001
010101000011100
010000010000000
100101110111011
101011110000011
001110011100100
101110111110001
111100111001000
111000011101110
110001000001110
100000100100011
011000010011010
000100000011001
111011110101001
100010011100101
110010101100100
000000101111011
101000011110111
100100010100011
011111011011110
011010010100101
000110110111000
110001011100001
110010010111000
101001000101001
101100010000011
100101110000100
011001000100001
100110001000100
001110010100001
110111110111111
100001010000010